Circle
500 480 25

Triangle
187 593
187 537
223 622

Quad
160 60
80 0
0 60
80 120

320 60
240 0 
160 60
240 120

480 60
400 0
320 60
400 120

640 60
560 0
480 60
560 120

800 60
720 0
640 60
720 120

960 60
880 0 
800 60 
880 120

80 220
80 120
0 60
0 160

240 220
240 120
160 60
160 160

400 220
400 120
320 60
320 160

560 220
560 120
480 60
480 160

720 220
720 120
640 60
640 160

880 220
880 120
800 60
800 160

81 220
160 160
160 60
80 120

241 220
320 160
320 60
240 120

401 220
480 160
480 60
400 120

561 220
640 160
640 60
560 120

721 220
800 160
800 60
720 120

881 220
960 160 
960 60
880 120
